32236,5371 
32236,5371 
32236,5352 
32685,3750 
32236,5430 
32685,3750 
32236,5371 
32685,3828 
32236,5391 
32236,5391 
32685,3750 
32685,3750 
32236,5371 
32685,3750 
32236,5352 
32236,5430 
32236,5371 
32236,5410 
33353,0430 
32236,5391 
7931,3755 
8085,2300 
7835,3066 
7970,9033 
8024,0898 
7987,6040 
7957,2305 
8046,0508 
7993,8579 
7907,3315 
8017,7036 
7993,8579 
8086,4087 
7985,0493 
7966,9375 
7966,9375 
8058,8145 
8004,4517 
7833,3535 
8101,4556 
22559,0137 
23072,8574 
22977,7188 
22041,1934 
22703,8008 
22930,0410 
22708,0918 
22703,7988 
22930,0410 
22666,8711 
22520,6914 
22821,8887 
22623,8809 
22703,7988 
22520,6914 
22520,6914 
22520,6914 
22456,4141 
23071,7656 
22583,9023 
28912,2832 
28925,8125 
28976,6230 
28792,4609 
28809,0820 
28713,9336 
29085,7559 
28635,1660 
28410,6582 
28742,1465 
28838,5879 
28937,3906 
28753,7441 
29115,2832 
28817,4785 
28862,0371 
29056,4102 
28960,6094 
28974,3965 
28362,5840 
33476,6094 
33475,6445 
32969,5898 
32851,9219 
32942,6094 
32856,5039 
32648,1602 
33101,9531 
33192,9453 
32768,9844 
32854,9531 
33376,2500 
33313,1055 
33231,0703 
33406,5391 
33197,3047 
32782,5391 
33147,6758 
33179,6367 
33221,4297 
24002,5430 
23622,5078 
23535,2070 
24122,1699 
23720,9844 
23534,8086 
23669,1680 
23514,2637 
23565,4961 
23330,4922 
23662,7930 
23720,3516 
23828,8984 
23909,9336 
23459,5273 
23900,8359 
23640,8594 
23653,3398 
23551,7500 
23458,3086 
28596,7656 
28439,1895 
28082,4902 
28417,6133 
28517,1094 
28772,5098 
28410,0742 
28832,7148 
27962,5000 
28405,3008 
28353,3770 
28349,4160 
28571,1621 
28012,9531 
28399,9727 
28264,0195 
28776,8047 
28125,9258 
28586,2227 
28812,1348 
33833,4531 
33674,9023 
33272,1523 
33335,6133 
33636,7852 
33760,9766 
33154,4922 
33357,5742 
33521,2188 
33481,6289 
33598,7070 
33216,2695 
33220,8008 
33112,3281 
33596,7188 
33261,3555 
33210,4727 
33508,3945 
32993,8867 
33244,3594 
23402,7852 
23136,0938 
23171,8281 
23136,0957 
23171,8301 
23101,9219 
23040,7051 
23095,4141 
23101,9219 
23551,1973 
23401,5430 
23262,3379 
23093,2012 
23019,5801 
23171,8301 
23120,8691 
23101,9219 
23331,4043 
23282,5586 
23143,5918 
23535,4316 
23689,1855 
23893,9355 
23199,6797 
24069,5996 
23617,5176 
23355,0547 
22996,3887 
23840,4824 
23322,6387 
23810,2930 
23543,0176 
23176,9824 
23575,5859 
23352,3301 
23336,1387 
23635,5156 
22863,3672 
23640,6133 
23137,9961 
23816,4668 
23572,2461 
23611,2773 
23486,2773 
23207,3691 
23925,5762 
23762,7305 
23553,5527 
23778,2168 
23899,6777 
23800,2168 
23614,6699 
23648,6777 
23272,1777 
23369,7520 
23677,2949 
23575,7383 
23069,0313 
23527,5664 
23624,4043 
15765,5947 
15879,6123 
15879,6143 
15879,6133 
15879,6143 
15879,6123 
15879,6123 
16052,9551 
15765,5947 
15879,6143 
15879,6143 
15759,9922 
15994,9561 
15879,6143 
15994,9561 
15723,3613 
16008,9893 
15879,6133 
15994,9580 
15765,5947 
111996,5000 
109832,1797 
110125,0625 
109009,5469 
110075,6016 
108616,9219 
111396,4219 
112401,2656 
107194,8125 
110125,0547 
110467,5938 
113622,4844 
109264,4766 
109877,4531 
110154,8359 
107788,7813 
110975,5000 
111171,3828 
109832,1953 
110473,5234 
46296,5898 
46502,9023 
45319,6211 
45445,6836 
45720,5781 
45602,7969 
45511,0859 
45014,1641 
45701,1758 
44765,7266 
45257,8867 
45422,9375 
46172,9922 
45856,1523 
46303,9453 
46444,0547 
45576,9570 
46204,1563 
45081,4336 
45184,7422 
64665,9492 
65700,2813 
63582,2383 
61862,5469 
63694,9922 
63138,3711 
63382,1914 
64080,8867 
64446,7695 
64808,4727 
65347,3906 
64102,9258 
63269,8906 
64124,9297 
63353,6758 
63461,0586 
64753,0156 
63504,6875 
63513,6250 
64902,0273 
101613,9297 
101891,1328 
101238,7188 
102102,9844 
100614,5938 
101586,8203 
100566,0938 
101132,1172 
102148,8281 
102030,5156 
102398,5469 
101043,3672 
102518,5859 
102155,8125 
100983,8594 
101756,0781 
102112,3750 
102750,2578 
102196,0469 
102316,7734 
61563,0586 
61137,7383 
60989,9375 
60962,7461 
60989,9336 
61045,9492 
62250,0039 
61137,7344 
60730,7461 
62237,6406 
61834,0156 
61201,6445 
62037,4883 
60989,9375 
60822,5313 
62895,0117 
62301,5508 
63585,5156 
61137,7344 
61486,6563 
82482,9453 
81518,8438 
82081,3438 
81570,6172 
82477,7578 
81197,6797 
80717,9453 
80717,9453 
82441,9375 
82359,2891 
81764,1484 
81618,9063 
81937,3125 
81427,4375 
82183,5156 
80987,0859 
81393,4141 
81356,3984 
81898,3516 
81892,7813 
1341,6206 
1345,7474 
1342,6890 
1350,4871 
1354,4379 
1355,3945 
1368,0210 
1350,0570 
1347,3969 
1362,7729 
1348,3579 
1373,5399 
1341,8505 
1372,6451 
1356,5377 
1356,6782 
1350,2275 
1347,8680 
1362,1896 
1381,8042 
2527,1135 
2526,4214 
2501,0725 
2531,5447 
2552,6650 
2491,1790 
2536,1660 
2515,5767 
2520,1980 
2528,0962 
2540,8591 
2517,6794 
2529,7961 
2516,3250 
2514,1367 
2564,1982 
2551,9658 
2519,8301 
2481,3337 
2548,0190 
669,3351 
690,3360 
689,8051 
680,2856 
687,3336 
688,4514 
698,8953 
680,2856 
681,1879 
698,6030 
683,0425 
686,7110 
676,7075 
681,1879 
697,7581 
692,2866 
678,3704 
695,9078 
678,3704 
696,2540 
